46,35
10,31
10,25
10,135
10,291
10,249
11,5
11,19
8,14
8,10
8,18
8,9
8,11
41,3
41,2
41,1
41,0
40,3
40,2
40,1
40,0
33,3
33,1
20,3
20,2
20,1
19,2
12,3
19,1
12,2
19,3
12,1
11,29
11,28
11,26
11,25
11,22
11,21
11,20
11,18
11,17
11,16
11,14
11,13
11,11
11,10
11,9
11,8
11,3
11,2
11,1
10,313
10,303
10,286
10,264
10,262
10,246
10,237
10,234
10,208
10,206
10,193
10,189
10,184
10,181
10,172
10,171
10,161
10,156
10,153
10,150
10,149
10,138
10,137
10,129
10,125
10,124
10,113
10,111
10,104
10,103
10,99
18,1
10,79
10,32
10,27
10,17
10,15
18,3
10,14
10,3
10,2
14,1
10,1
9,7
9,6
